Accuracy: 0.9722222222222222
Precision: 0.9746070133010882
Recall: 0.9901719901719902
F1: 0.9823278488726387
ROC_AUC: 0.9943034932165367
